markers:
  - id: 1
    pose:
      position: [3.168494701385498, -0.6587241888046265, 0.0]
      orientation: [0.0, 0.0, -0.005890448818533193, 0.9999826511558669]
      size: 0.1
